 GUT POTENTIAL
  1  1   -0.546563   -2.607536   -0.258648    0.117625    0.000000   -3.062616
  1  2   -0.878019   -1.064346   -0.117500    0.018854    0.000000   -1.568270
  1  3   -0.195883   -0.847573   -0.384444    0.008757    0.000000   -1.069348
  1  4   -0.887120   -0.580970    1.346705    0.011040    0.000000   -1.302122
  1  5   -1.296726   -0.836426    0.020808    0.007059    0.000000   -0.948200
  1  6   -1.363551   -0.607485   -0.425049    0.010798    0.000000   -1.159816
  1  7   -0.549293   -0.243143   -0.107227    0.011011    0.000000   -1.264040
  1  8    0.974933   -0.510676    0.436170    0.003416   -1.448180    0.000000
  1  9    0.020703   -1.248684   -0.048057    0.012389   -0.162196   -1.092289
  1 10    0.044677   -0.042216   -0.277863   -0.000574    0.000000   -0.281252
  1 11    1.115167   -0.210100    0.864085   -0.008726    0.000000    0.000000
  1 12    0.000000    0.459205    1.442419   -0.000004    0.000000   -0.608865
  1 13    0.000000    0.751251    0.194020   -0.000532   -0.691518    0.611305
  1 14    0.512680   -0.097461    0.800595   -0.000265    0.083649   -0.142790
  1 15    0.176556    0.195024    0.618622   -0.002626   -0.130137    0.553253
  1 16    0.000683    0.529977    0.585850   -0.000208   -0.501936    0.238861
  1 17    1.407292    0.732612   -0.047763   -0.001820   -0.408034    0.744217
  1 18    1.202265    0.661117    0.068794   -0.004282    0.098435    1.091258
  1 19    0.000000   -0.324769   -0.029788   -0.003871    1.791613    0.367583
  1 20    0.230618    0.759912   -0.282827   -0.003946    0.318492    1.009927
  2  1   -0.878019   -1.064346   -0.117500    0.018854    0.000000   -1.568270
  2  2   -1.453701   -1.246642   -0.208488    0.034849    0.000000   -2.028731
  2  3   -0.882398   -0.716606   -0.319119    0.025864    0.000000   -1.817783
  2  4   -0.100418   -0.592775   -0.169177    0.030075    0.000000   -1.961386
  2  5   -1.462452   -1.217296   -0.011925    0.018480    0.000000   -1.523575
  2  6   -1.476781   -1.162663   -0.037885    0.024966    0.000000   -1.762667
  2  7   -0.768952   -0.750484   -0.533223    0.023638    0.000000   -1.732412
  2  8   -0.066626   -0.248828    0.033691    0.007480   -1.720026    0.000000
  2  9   -0.937508   -0.989992   -0.089977    0.019554   -0.556678   -1.395545
  2 10    0.108824   -0.278173   -0.492740    0.006129    0.000000   -0.917303
  2 11   -0.197619   -0.149298    0.565354   -0.008296    0.000000    0.000000
  2 12    2.156072    0.425340    1.394165    0.002051    0.000000   -0.798926
  2 13    0.418594    0.755515    0.425341   -0.000450   -0.790596    0.782387
  2 14    0.024054   -0.219842    0.340957    0.003064   -0.091511   -0.465749
  2 15    0.020541    0.015479    0.693719   -0.000858   -0.136556    0.108536
  2 16    1.399607   -0.086003   -0.162057    0.003513   -0.705671   -0.117238
  2 17    0.651711   -0.022969   -0.231149    0.001717   -0.707540    0.295255
  2 18    1.482747    0.808067    0.555325   -0.003475   -0.175393    0.789819
  2 19    1.361199    0.126904   -0.242275   -0.000445    1.795349   -0.289500
  2 20    0.727408    0.028036   -0.191503   -0.000802   -0.167071    0.322162
  3  1   -0.195883   -0.847573   -0.384444    0.008757    0.000000   -1.069348
  3  2   -0.882398   -0.716606   -0.319119    0.025864    0.000000   -1.817783
  3  3   -0.942624   -0.548367   -0.779163    0.024065    0.000000   -1.727571
  3  4   -0.173999   -0.586314   -0.372437    0.022333    0.000000   -1.717774
  3  5   -1.689761   -0.871985   -0.332602    0.017569    0.000000   -1.473304
  3  6   -1.701753   -0.768151   -0.646583    0.023879    0.000000   -1.694428
  3  7   -0.843181   -0.354709   -0.842948    0.018212    0.000000   -1.510456
  3  8   -0.028114    0.172675   -0.003784    0.002326   -1.330930    0.000000
  3  9   -0.597455   -0.687468   -0.260750    0.014831   -0.293148   -1.230409
  3 10   -0.406282    0.170514   -0.665918    0.004023    0.000000   -0.709687
  3 11    0.329100    0.384839    0.379344   -0.008578    0.000000    0.000000
  3 12    2.476070    0.885100    0.838694   -0.001677    0.000000   -0.393168
  3 13    1.411945    0.835706    0.126790   -0.003197   -0.298020    1.072546
  3 14   -0.205010    0.094626    0.058008    0.001620    0.172620   -0.343499
  3 15    0.642741    0.199391   -0.013805   -0.002652    0.183345    0.478270
  3 16    0.896296    0.334945   -0.484650    0.001845   -0.549283    0.140275
  3 17    0.352113    0.275271   -0.518648    0.000583   -0.451611    0.397453
  3 18    1.016544    1.004241    0.188148   -0.004909    0.280697    1.089176
  3 19    0.853611    0.391107   -0.240557   -0.002407    2.241246   -0.001835
  3 20    0.724993    0.630983   -0.363130   -0.002599    0.193202    0.589233
  4  1   -0.887120   -0.580970    1.346705    0.011040    0.000000   -1.302122
  4  2   -0.100418   -0.592775   -0.169177    0.030075    0.000000   -1.961386
  4  3   -0.173999   -0.586314   -0.372437    0.022333    0.000000   -1.717774
  4  4   -0.563321   -0.767997   -0.526721    0.036310    0.000000   -2.086598
  4  5   -0.819245   -0.695417   -0.253126    0.016897    0.000000   -1.503310
  4  6   -1.068398   -0.728347   -0.360629    0.021388    0.000000   -1.660856
  4  7   -0.420819   -0.268820   -0.438286    0.024069    0.000000   -1.777041
  4  8    1.139769   -0.451201    0.195540    0.012689   -2.024810    0.000000
  4  9   -0.142050   -1.005972   -0.141817    0.022111   -0.812243   -1.462279
  4 10    0.130486   -0.222610   -0.480598    0.006431    0.000000   -0.946103
  4 11    0.970870    0.024257    0.762349   -0.008805    0.000000    0.000000
  4 12    1.869370    0.635074    1.107463    0.008786    0.000000   -1.255622
  4 13    0.483724   -0.057424    0.114860    0.003404   -1.085468    0.399386
  4 14    0.112935    0.372565    0.016004    0.004280   -0.511321   -0.420928
  4 15    0.498371   -0.225099    0.214500    0.000921   -0.427571    0.058439
  4 16    1.784540   -0.337059   -0.201143    0.009297   -1.129398   -0.487973
  4 17    0.033607   -0.535712   -0.217475    0.006361   -1.070222   -0.066817
  4 18    2.085646    0.494675    0.160588    0.000718   -0.846311    0.549630
  4 19    0.826838   -0.621031   -0.222751    0.003556    0.939404   -0.625612
  4 20    1.969658    0.283378   -0.459955    0.003681   -0.835546    0.058159
  5  1   -1.296726   -0.836426    0.020808    0.007059    0.000000   -0.948200
  5  2   -1.462452   -1.217296   -0.011925    0.018480    0.000000   -1.523575
  5  3   -1.689761   -0.871985   -0.332602    0.017569    0.000000   -1.473304
  5  4   -0.819245   -0.695417   -0.253126    0.016897    0.000000   -1.503310
  5  5   -2.259424   -1.396082   -0.082217    0.016689    0.000000   -1.345195
  5  6   -2.033509   -1.439677   -0.115201    0.018927    0.000000   -1.469455
  5  7   -1.163513   -0.588474   -0.473611    0.013006    0.000000   -1.291070
  5  8   -0.512546   -0.407067   -0.027921    0.001313   -1.156200    0.000000
  5  9   -1.096654   -1.078186    0.141074    0.010072   -0.062978   -0.952638
  5 10   -0.821427   -0.447455   -0.563503    0.003845    0.000000   -0.651916
  5 11   -0.060943   -0.210268    0.777019   -0.008450    0.000000    0.000000
  5 12    1.281741    0.937303    0.774726   -0.001929    0.000000   -0.347857
  5 13    0.381054    0.540600    0.471722   -0.003023   -0.385133    1.083752
  5 14   -0.712649   -0.629642    0.199421    0.000788    0.275386   -0.150769
  5 15    0.044775   -0.070289    0.199158   -0.002976    0.262701    0.530922
  5 16   -0.097618   -0.302294   -0.104502    0.000090   -0.347957    0.328870
  5 17    0.403320   -0.271359   -0.039300   -0.000930   -0.393716    0.621793
  5 18    0.506094    0.782391    0.512842   -0.005515    0.373044    1.232072
  5 19    0.456861   -0.286812   -0.128423   -0.002920    2.227655    0.165205
  5 20    0.472984   -0.106386   -0.126405   -0.003276    0.218699    0.821509
  6  1   -1.363551   -0.607485   -0.425049    0.010798    0.000000   -1.159816
  6  2   -1.476781   -1.162663   -0.037885    0.024966    0.000000   -1.762667
  6  3   -1.701753   -0.768151   -0.646583    0.023879    0.000000   -1.694428
  6  4   -1.068398   -0.728347   -0.360629    0.021388    0.000000   -1.660856
  6  5   -2.033509   -1.439677   -0.115201    0.018927    0.000000   -1.469455
  6  6   -2.138747   -1.124322   -0.503660    0.025594    0.000000   -1.713801
  6  7   -0.759722   -0.558932   -0.593362    0.017539    0.000000   -1.507159
  6  8   -0.603516   -0.392677    0.041074    0.001857   -1.223919    0.000000
  6  9   -1.092771   -1.054500   -0.108904    0.015510   -0.226433   -1.245218
  6 10   -0.696868   -0.455257   -0.582306    0.005308    0.000000   -0.791290
  6 11    0.102613    0.167600    0.352306   -0.008395    0.000000    0.000000
  6 12    1.482446    1.405604    0.803921   -0.001354    0.000000   -0.439434
  6 13    0.788083    0.711241    0.368666   -0.003712   -0.250714    1.179169
  6 14   -0.379250   -0.294533    0.260642    0.001327    0.334656   -0.337454
  6 15    0.387304    0.000307    0.441604   -0.002830    0.121073    0.464732
  6 16    0.103536   -0.191654   -0.215368    0.001770   -0.460461    0.052462
  6 17   -0.054170   -0.213383   -0.513469    0.000910   -0.427111    0.386431
  6 18    0.785715    0.971237    0.112219   -0.004209    0.176696    0.905982
  6 19    0.873286    0.111595   -0.157954   -0.002254    2.167352   -0.028784
  6 20   -0.084183    0.199987   -0.362664   -0.002105    0.181145    0.552025
  7  1   -0.549293   -0.243143   -0.107227    0.011011    0.000000   -1.264040
  7  2   -0.768952   -0.750484   -0.533223    0.023638    0.000000   -1.732412
  7  3   -0.843181   -0.354709   -0.842948    0.018212    0.000000   -1.510456
  7  4   -0.420819   -0.268820   -0.438286    0.024069    0.000000   -1.777041
  7  5   -1.163513   -0.588474   -0.473611    0.013006    0.000000   -1.291070
  7  6   -0.759722   -0.558932   -0.593362    0.017539    0.000000   -1.507159
  7  7   -0.393191   -0.662406   -0.698340    0.019671    0.000000   -1.585110
  7  8    0.346381   -0.145976   -0.149823    0.006192   -1.625689    0.000000
  7  9   -0.893391   -0.353626   -0.293696    0.017480   -0.482671   -1.334742
  7 10    0.827170    0.226599   -0.620715    0.003862    0.000000   -0.739123
  7 11    0.452748    0.588999    0.383988   -0.008685    0.000000    0.000000
  7 12    2.149804    0.664194    0.917893   -0.000422    0.000000   -0.542217
  7 13    0.491406    0.509873    0.086173   -0.000376   -0.648791    0.616788
  7 14    0.233902   -0.193918   -0.153312    0.000503    0.271244   -0.151542
  7 15    0.159741    0.235367    0.314125   -0.001737    0.005678    0.255924
  7 16   -0.059793    0.209989   -0.213710    0.000954   -0.361909    0.095667
  7 17    0.533264    0.839414   -0.177349    0.000646   -0.633366    0.358542
  7 18    1.014080    1.320230   -0.010191   -0.004046    0.070593    0.985312
  7 19    1.204686   -0.029609   -0.145008   -0.001876    1.550867   -0.045053
  7 20    0.601253    0.332039   -0.240697   -0.002397    0.096384    0.563006
  8  1    0.974933   -0.510676    0.436170    0.003416   -1.448180    0.000000
  8  2   -0.066626   -0.248828    0.033691    0.007480   -1.720026    0.000000
  8  3   -0.028114    0.172675   -0.003784    0.002326   -1.330930    0.000000
  8  4    1.139769   -0.451201    0.195540    0.012689   -2.024810    0.000000
  8  5   -0.512546   -0.407067   -0.027921    0.001313   -1.156200    0.000000
  8  6   -0.603516   -0.392677    0.041074    0.001857   -1.223919    0.000000
  8  7    0.346381   -0.145976   -0.149823    0.006192   -1.625689    0.000000
  8  8   -0.424950   -0.811947   -0.206027    0.016390   -2.129851    0.000000
  8  9   -0.290631   -0.411925    0.220428    0.010095   -1.878257    0.000000
  8 10    1.076886    0.248055   -0.195847   -0.002891   -0.612671    0.000000
  8 11    0.700527   -0.063764    0.886659   -0.008791    0.000000    0.000000
  8 12    2.314621    1.080326    1.909389   -0.002329   -1.006800    0.000000
  8 13    0.425399    0.363824    0.713314   -0.000597   -1.116287    0.000000
  8 14   -0.381062   -0.362594    0.303950    0.000813   -1.157959    0.000000
  8 15   -0.154505    0.151645    0.287561   -0.001007   -0.982922    0.000000
  8 16    0.639119    0.069800    0.075663    0.002442   -1.361554    0.000000
  8 17    0.239744   -0.147253   -0.065404    0.000291   -1.084757    0.000000
  8 18    0.733847    0.241489    0.847409    0.002586   -1.447804    0.000000
  8 19    0.108232    0.077909    0.000251   -0.003024   -0.595673    0.000000
  8 20    0.417417    0.117431   -0.121346    0.001407   -1.227336    0.000000
  9  1    0.020703   -1.248684   -0.048057    0.012389   -0.162196   -1.092289
  9  2   -0.937508   -0.989992   -0.089977    0.019554   -0.556678   -1.395545
  9  3   -0.597455   -0.687468   -0.260750    0.014831   -0.293148   -1.230409
  9  4   -0.142050   -1.005972   -0.141817    0.022111   -0.812243   -1.462279
  9  5   -1.096654   -1.078186    0.141074    0.010072   -0.062978   -0.952638
  9  6   -1.092771   -1.054500   -0.108904    0.015510   -0.226433   -1.245218
  9  7   -0.893391   -0.353626   -0.293696    0.017480   -0.482671   -1.334742
  9  8   -0.290631   -0.411925    0.220428    0.010095   -1.878257    0.000000
  9  9   -0.561906   -0.978756   -0.149693    0.016452   -1.260270   -0.932697
  9 10   -0.049020   -0.209893   -0.238732    0.003602    0.086120   -0.491383
  9 11    0.180646    0.065582    1.028176   -0.008845    0.000000    0.000000
  9 12    1.329127    0.094832    1.260367    0.007168   -0.517521   -0.822758
  9 13    0.446968    0.059971    0.229788    0.002269   -1.160998    0.998018
  9 14    0.440012   -0.611962    0.306713    0.002363   -0.685193    0.071375
  9 15    0.083098   -0.303900    0.251468    0.000413   -0.642666    0.464568
  9 16    0.709507   -0.461609   -0.094364    0.009069   -1.457024    0.055128
  9 17    0.079085   -0.366753   -0.299830    0.005507   -1.279048    0.591914
  9 18    0.347136    0.439711    0.449333    0.001829   -1.179642    1.119145
  9 19    0.469161   -0.564464    0.188226    0.003271   -0.493896   -0.242311
  9 20    0.594899   -0.282721    0.107429    0.002630   -1.133084    0.878887
 10  1    0.044677   -0.042216   -0.277863   -0.000574    0.000000   -0.281252
 10  2    0.108824   -0.278173   -0.492740    0.006129    0.000000   -0.917303
 10  3   -0.406282    0.170514   -0.665918    0.004023    0.000000   -0.709687
 10  4    0.130486   -0.222610   -0.480598    0.006431    0.000000   -0.946103
 10  5   -0.821427   -0.447455   -0.563503    0.003845    0.000000   -0.651916
 10  6   -0.696868   -0.455257   -0.582306    0.005308    0.000000   -0.791290
 10  7    0.827170    0.226599   -0.620715    0.003862    0.000000   -0.739123
 10  8    1.076886    0.248055   -0.195847   -0.002891   -0.612671    0.000000
 10  9   -0.049020   -0.209893   -0.238732    0.003602    0.086120   -0.491383
 10 10    0.395128    0.500607   -0.780543   -0.001741    0.000000    0.071560
 10 11    0.587479    0.682319    0.461560   -0.008810    0.000000    0.000000
 10 12    1.991957    1.479797    0.983190   -0.005774    0.000000    0.327805
 10 13    1.226244    1.467855    0.135033   -0.005167   -0.012505    1.840473
 10 14    0.345643    0.072404   -0.022026   -0.003188    0.551102    0.471025
 10 15    0.774533    0.975322    0.046527   -0.005649    0.538792    1.421379
 10 16    0.900642    0.754807   -0.620066   -0.002825    0.155758    0.939410
 10 17    0.726143    0.780979   -0.721742   -0.003062    0.136673    1.278652
 10 18    1.260244    1.971859   -0.023200   -0.006098    0.491748    1.838344
 10 19    0.973821    0.838138   -0.615181   -0.004380    2.112679    0.725344
 10 20    1.281435    1.110660   -0.696868   -0.004263    0.616015    1.342279
 11  1    1.115167   -0.210100    0.864085   -0.008726    0.000000    0.000000
 11  2   -0.197619   -0.149298    0.565354   -0.008296    0.000000    0.000000
 11  3    0.329100    0.384839    0.379344   -0.008578    0.000000    0.000000
 11  4    0.970870    0.024257    0.762349   -0.008805    0.000000    0.000000
 11  5   -0.060943   -0.210268    0.777019   -0.008450    0.000000    0.000000
 11  6    0.102613    0.167600    0.352306   -0.008395    0.000000    0.000000
 11  7    0.452748    0.588999    0.383988   -0.008685    0.000000    0.000000
 11  8    0.700527   -0.063764    0.886659   -0.008791    0.000000    0.000000
 11  9    0.180646    0.065582    1.028176   -0.008845    0.000000    0.000000
 11 10    0.587479    0.682319    0.461560   -0.008810    0.000000    0.000000
 11 11    1.556393    0.692471    1.669954   -0.009538    0.000000    0.000000
 11 12    1.882215    1.564210    2.729745   -0.009907    0.000000    0.000000
 11 13    1.179130    1.057836    1.151192   -0.009423    0.000000    0.000000
 11 14    0.720133    0.515457    0.745683   -0.008994    0.000000    0.000000
 11 15    1.276749    0.735601    1.011874   -0.009285    0.000000    0.000000
 11 16    0.932280    0.909926    0.798982   -0.009176    0.000000    0.000000
 11 17    0.757877    0.863356    0.534966   -0.008951    0.000000    0.000000
 11 18    1.436887    1.155251    1.153016   -0.009465    0.000000    0.000000
 11 19    1.408754    1.484381    0.603362   -0.009192    0.000000    0.000000
 11 20    1.452237    1.527863    0.712802   -0.009281    0.000000    0.000000
 12  1    0.000000    0.459205    1.442419   -0.000004    0.000000   -0.608865
 12  2    2.156072    0.425340    1.394165    0.002051    0.000000   -0.798926
 12  3    2.476070    0.885100    0.838694   -0.001677    0.000000   -0.393168
 12  4    1.869370    0.635074    1.107463    0.008786    0.000000   -1.255622
 12  5    1.281741    0.937303    0.774726   -0.001929    0.000000   -0.347857
 12  6    1.482446    1.405604    0.803921   -0.001354    0.000000   -0.439434
 12  7    2.149804    0.664194    0.917893   -0.000422    0.000000   -0.542217
 12  8    2.314621    1.080326    1.909389   -0.002329   -1.006800    0.000000
 12  9    1.329127    0.094832    1.260367    0.007168   -0.517521   -0.822758
 12 10    1.991957    1.479797    0.983190   -0.005774    0.000000    0.327805
 12 11    1.882215    1.564210    2.729745   -0.009907    0.000000    0.000000
 12 12    0.000000    2.374123    0.000000   -0.005142    0.000000    0.030032
 12 13    2.937936    1.084602    1.770564   -0.004470   -0.486828    1.801077
 12 14    1.571653    0.714652    1.425932   -0.004285    0.316852    0.465447
 12 15    2.519550    1.359363    2.045325   -0.005357    0.052846    0.996274
 12 16    2.268680    1.188535    0.918986   -0.002225   -0.543259    0.713855
 12 17    1.665601    0.910879    0.870904   -0.002717   -0.608299    1.166829
 12 18    3.228080    3.246548    1.590704   -0.005658   -0.105366    1.456342
 12 19    3.084497    1.023523    0.987589   -0.006023    1.587625    0.590053
 12 20    0.000000    1.401723    1.078106   -0.005235   -0.126039    1.413327
 13  1    0.000000    0.751251    0.194020   -0.000532   -0.691518    0.611305
 13  2    0.418594    0.755515    0.425341   -0.000450   -0.790596    0.782387
 13  3    1.411945    0.835706    0.126790   -0.003197   -0.298020    1.072546
 13  4    0.483724   -0.057424    0.114860    0.003404   -1.085468    0.399386
 13  5    0.381054    0.540600    0.471722   -0.003023   -0.385133    1.083752
 13  6    0.788083    0.711241    0.368666   -0.003712   -0.250714    1.179169
 13  7    0.491406    0.509873    0.086173   -0.000376   -0.648791    0.616788
 13  8    0.425399    0.363824    0.713314   -0.000597   -1.116287    0.000000
 13  9    0.446968    0.059971    0.229788    0.002269   -1.160998    0.998018
 13 10    1.226244    1.467855    0.135033   -0.005167   -0.012505    1.840473
 13 11    1.179130    1.057836    1.151192   -0.009423    0.000000    0.000000
 13 12    2.937936    1.084602    1.770564   -0.004470   -0.486828    1.801077
 13 13   -0.310453    0.737634    0.108082   -0.000872   -0.964185    3.082595
 13 14   -0.216491    0.046173    0.381579   -0.001850   -0.694024    1.648691
 13 15    0.750085   -0.004637    0.805377   -0.003976   -0.502590    2.701128
 13 16    1.078097    0.362595    0.093046    0.000231   -1.101451    2.445192
 13 17    0.924577    0.060655   -0.047051   -0.000806   -0.920602    2.554037
 13 18    1.016380    1.360270    0.520176   -0.002953   -0.792867    3.562130
 13 19    1.161757    0.600406   -0.033786   -0.002969   -0.575256    2.303514
 13 20    2.407953    0.768192    0.067067   -0.003453   -0.584628    3.044161
 14  1    0.512680   -0.097461    0.800595   -0.000265    0.083649   -0.142790
 14  2    0.024054   -0.219842    0.340957    0.003064   -0.091511   -0.465749
 14  3   -0.205010    0.094626    0.058008    0.001620    0.172620   -0.343499
 14  4    0.112935    0.372565    0.016004    0.004280   -0.511321   -0.420928
 14  5   -0.712649   -0.629642    0.199421    0.000788    0.275386   -0.150769
 14  6   -0.379250   -0.294533    0.260642    0.001327    0.334656   -0.337454
 14  7    0.233902   -0.193918   -0.153312    0.000503    0.271244   -0.151542
 14  8   -0.381062   -0.362594    0.303950    0.000813   -1.157959    0.000000
 14  9    0.440012   -0.611962    0.306713    0.002363   -0.685193    0.071375
 14 10    0.345643    0.072404   -0.022026   -0.003188    0.551102    0.471025
 14 11    0.720133    0.515457    0.745683   -0.008994    0.000000    0.000000
 14 12    1.571653    0.714652    1.425932   -0.004285    0.316852    0.465447
 14 13   -0.216491    0.046173    0.381579   -0.001850   -0.694024    1.648691
 14 14    0.026273   -1.097357    0.468339   -0.001032   -0.167419    0.563809
 14 15   -0.090963   -0.388348    0.661258   -0.003366   -0.184249    1.167919
 14 16   -0.244165   -0.343480    0.003745   -0.000226   -0.698839    1.023632
 14 17    0.842924   -0.216167    0.093596   -0.001447   -0.687745    1.479132
 14 18    0.718727    0.309751    0.501547   -0.003871   -0.421470    1.942721
 14 19   -0.000836   -0.493194    0.090747   -0.003239    0.154290    0.929937
 14 20    0.684011   -0.241983    0.110156   -0.002613   -0.422460    1.420302
 15  1    0.176556    0.195024    0.618622   -0.002626   -0.130137    0.553253
 15  2    0.020541    0.015479    0.693719   -0.000858   -0.136556    0.108536
 15  3    0.642741    0.199391   -0.013805   -0.002652    0.183345    0.478270
 15  4    0.498371   -0.225099    0.214500    0.000921   -0.427571    0.058439
 15  5    0.044775   -0.070289    0.199158   -0.002976    0.262701    0.530922
 15  6    0.387304    0.000307    0.441604   -0.002830    0.121073    0.464732
 15  7    0.159741    0.235367    0.314125   -0.001737    0.005678    0.255924
 15  8   -0.154505    0.151645    0.287561   -0.001007   -0.982922    0.000000
 15  9    0.083098   -0.303900    0.251468    0.000413   -0.642666    0.464568
 15 10    0.774533    0.975322    0.046527   -0.005649    0.538792    1.421379
 15 11    1.276749    0.735601    1.011874   -0.009285    0.000000    0.000000
 15 12    2.519550    1.359363    2.045325   -0.005357    0.052846    0.996274
 15 13    0.750085   -0.004637    0.805377   -0.003976   -0.502590    2.701128
 15 14   -0.090963   -0.388348    0.661258   -0.003366   -0.184249    1.167919
 15 15    0.079376   -0.074006    0.781725   -0.005004   -0.085926    2.074480
 15 16    0.564207    0.103101    0.170024   -0.002115   -0.629479    1.568140
 15 17    1.043843   -0.012204    0.160983   -0.003481   -0.477721    2.527349
 15 18    0.422794    0.713195    0.703929   -0.003716   -0.567213    2.330457
 15 19    1.128668    0.145687    0.121639   -0.004592   -0.007553    1.648466
 15 20    0.954949    0.257797   -0.040952   -0.003312   -0.471306    2.379614
 16  1    0.000683    0.529977    0.585850   -0.000208   -0.501936    0.238861
 16  2    1.399607   -0.086003   -0.162057    0.003513   -0.705671   -0.117238
 16  3    0.896296    0.334945   -0.484650    0.001845   -0.549283    0.140275
 16  4    1.784540   -0.337059   -0.201143    0.009297   -1.129398   -0.487973
 16  5   -0.097618   -0.302294   -0.104502    0.000090   -0.347957    0.328870
 16  6    0.103536   -0.191654   -0.215368    0.001770   -0.460461    0.052462
 16  7   -0.059793    0.209989   -0.213710    0.000954   -0.361909    0.095667
 16  8    0.639119    0.069800    0.075663    0.002442   -1.361554    0.000000
 16  9    0.709507   -0.461609   -0.094364    0.009069   -1.457024    0.055128
 16 10    0.900642    0.754807   -0.620066   -0.002825    0.155758    0.939410
 16 11    0.932280    0.909926    0.798982   -0.009176    0.000000    0.000000
 16 12    2.268680    1.188535    0.918986   -0.002225   -0.543259    0.713855
 16 13    1.078097    0.362595    0.093046    0.000231   -1.101451    2.445192
 16 14   -0.244165   -0.343480    0.003745   -0.000226   -0.698839    1.023632
 16 15    0.564207    0.103101    0.170024   -0.002115   -0.629479    1.568140
 16 16    1.157154    0.569486   -0.192540    0.000885   -1.101302    1.911145
 16 17    0.510547   -0.046349   -0.693193    0.002296   -1.128499    2.450162
 16 18    1.219191    0.070054   -0.277827    0.007264   -1.663082    2.191871
 16 19    1.629316    0.293238   -0.222835   -0.003978   -0.090700    1.674655
 16 20    0.846602   -0.128182   -0.863094    0.008321   -1.628596    2.427272
 17  1    1.407292    0.732612   -0.047763   -0.001820   -0.408034    0.744217
 17  2    0.651711   -0.022969   -0.231149    0.001717   -0.707540    0.295255
 17  3    0.352113    0.275271   -0.518648    0.000583   -0.451611    0.397453
 17  4    0.033607   -0.535712   -0.217475    0.006361   -1.070222   -0.066817
 17  5    0.403320   -0.271359   -0.039300   -0.000930   -0.393716    0.621793
 17  6   -0.054170   -0.213383   -0.513469    0.000910   -0.427111    0.386431
 17  7    0.533264    0.839414   -0.177349    0.000646   -0.633366    0.358542
 17  8    0.239744   -0.147253   -0.065404    0.000291   -1.084757    0.000000
 17  9    0.079085   -0.366753   -0.299830    0.005507   -1.279048    0.591914
 17 10    0.726143    0.780979   -0.721742   -0.003062    0.136673    1.278652
 17 11    0.757877    0.863356    0.534966   -0.008951    0.000000    0.000000
 17 12    1.665601    0.910879    0.870904   -0.002717   -0.608299    1.166829
 17 13    0.924577    0.060655   -0.047051   -0.000806   -0.920602    2.554037
 17 14    0.842924   -0.216167    0.093596   -0.001447   -0.687745    1.479132
 17 15    1.043843   -0.012204    0.160983   -0.003481   -0.477721    2.527349
 17 16    0.510547   -0.046349   -0.693193    0.002296   -1.128499    2.450162
 17 17    1.204521    0.211388   -0.655998   -0.000480   -0.785522    2.428516
 17 18    1.182908    0.595240   -0.129045   -0.003657   -0.453726    3.100050
 17 19    0.650357    0.191901   -0.661597   -0.001083   -0.588032    1.830866
 17 20    0.977215    0.415865   -0.573149   -0.001976   -0.588650    2.812119
 18  1    1.202265    0.661117    0.068794   -0.004282    0.098435    1.091258
 18  2    1.482747    0.808067    0.555325   -0.003475   -0.175393    0.789819
 18  3    1.016544    1.004241    0.188148   -0.004909    0.280697    1.089176
 18  4    2.085646    0.494675    0.160588    0.000718   -0.846311    0.549630
 18  5    0.506094    0.782391    0.512842   -0.005515    0.373044    1.232072
 18  6    0.785715    0.971237    0.112219   -0.004209    0.176696    0.905982
 18  7    1.014080    1.320230   -0.010191   -0.004046    0.070593    0.985312
 18  8    0.733847    0.241489    0.847409    0.002586   -1.447804    0.000000
 18  9    0.347136    0.439711    0.449333    0.001829   -1.179642    1.119145
 18 10    1.260244    1.971859   -0.023200   -0.006098    0.491748    1.838344
 18 11    1.436887    1.155251    1.153016   -0.009465    0.000000    0.000000
 18 12    3.228080    3.246548    1.590704   -0.005658   -0.105366    1.456342
 18 13    1.016380    1.360270    0.520176   -0.002953   -0.792867    3.562130
 18 14    0.718727    0.309751    0.501547   -0.003871   -0.421470    1.942721
 18 15    0.422794    0.713195    0.703929   -0.003716   -0.567213    2.330457
 18 16    1.219191    0.070054   -0.277827    0.007264   -1.663082    2.191871
 18 17    1.182908    0.595240   -0.129045   -0.003657   -0.453726    3.100050
 18 18    1.404343    0.937303    0.399490   -0.005956   -0.054308    3.832310
 18 19    0.604982    0.157360   -0.112189    0.001751   -1.167389    1.689215
 18 20    1.474664    1.359600   -0.168647   -0.005404    0.025333    3.035131
 19  1    0.000000   -0.324769   -0.029788   -0.003871    1.791613    0.367583
 19  2    1.361199    0.126904   -0.242275   -0.000445    1.795349   -0.289500
 19  3    0.853611    0.391107   -0.240557   -0.002407    2.241246   -0.001835
 19  4    0.826838   -0.621031   -0.222751    0.003556    0.939404   -0.625612
 19  5    0.456861   -0.286812   -0.128423   -0.002920    2.227655    0.165205
 19  6    0.873286    0.111595   -0.157954   -0.002254    2.167352   -0.028784
 19  7    1.204686   -0.029609   -0.145008   -0.001876    1.550867   -0.045053
 19  8    0.108232    0.077909    0.000251   -0.003024   -0.595673    0.000000
 19  9    0.469161   -0.564464    0.188226    0.003271   -0.493896   -0.242311
 19 10    0.973821    0.838138   -0.615181   -0.004380    2.112679    0.725344
 19 11    1.408754    1.484381    0.603362   -0.009192    0.000000    0.000000
 19 12    3.084497    1.023523    0.987589   -0.006023    1.587625    0.590053
 19 13    1.161757    0.600406   -0.033786   -0.002969   -0.575256    2.303514
 19 14   -0.000836   -0.493194    0.090747   -0.003239    0.154290    0.929937
 19 15    1.128668    0.145687    0.121639   -0.004592   -0.007553    1.648466
 19 16    1.629316    0.293238   -0.222835   -0.003978   -0.090700    1.674655
 19 17    0.650357    0.191901   -0.661597   -0.001083   -0.588032    1.830866
 19 18    0.604982    0.157360   -0.112189    0.001751   -1.167389    1.689215
 19 19    1.066659    0.091875   -0.017331   -0.006108    1.083915    1.577704
 19 20    0.024105   -0.641606   -0.896026    0.004729   -1.181507    1.516913
 20  1    0.230618    0.759912   -0.282827   -0.003946    0.318492    1.009927
 20  2    0.727408    0.028036   -0.191503   -0.000802   -0.167071    0.322162
 20  3    0.724993    0.630983   -0.363130   -0.002599    0.193202    0.589233
 20  4    1.969658    0.283378   -0.459955    0.003681   -0.835546    0.058159
 20  5    0.472984   -0.106386   -0.126405   -0.003276    0.218699    0.821509
 20  6   -0.084183    0.199987   -0.362664   -0.002105    0.181145    0.552025
 20  7    0.601253    0.332039   -0.240697   -0.002397    0.096384    0.563006
 20  8    0.417417    0.117431   -0.121346    0.001407   -1.227336    0.000000
 20  9    0.594899   -0.282721    0.107429    0.002630   -1.133084    0.878887
 20 10    1.281435    1.110660   -0.696868   -0.004263    0.616015    1.342279
 20 11    1.452237    1.527863    0.712802   -0.009281    0.000000    0.000000
 20 12    0.000000    1.401723    1.078106   -0.005235   -0.126039    1.413327
 20 13    2.407953    0.768192    0.067067   -0.003453   -0.584628    3.044161
 20 14    0.684011   -0.241983    0.110156   -0.002613   -0.422460    1.420302
 20 15    0.954949    0.257797   -0.040952   -0.003312   -0.471306    2.379614
 20 16    0.846602   -0.128182   -0.863094    0.008321   -1.628596    2.427272
 20 17    0.977215    0.415865   -0.573149   -0.001976   -0.588650    2.812119
 20 18    1.474664    1.359600   -0.168647   -0.005404    0.025333    3.035131
 20 19    0.024105   -0.641606   -0.896026    0.004729   -1.181507    1.516913
 20 20    1.644672    0.510460   -0.598840   -0.004876    0.234811    3.379492
 SOLVATION POTENTIAL
       1      0.34032125     -0.62203002
       2      0.38144953     -0.66703561
       3      0.11437781     -0.28008108
       4      0.11805418     -0.28745142
       5      0.24695949     -0.50347344
       6      0.21479572     -0.45621691
       7      0.13437527     -0.31921757
       8     -0.03091311      0.09860242
       9      0.13228166     -0.31522729
      10      0.03874997     -0.10766505
      11      0.15099172     -0.35005011
      12     -0.12784383      0.52401990
      13     -0.12050195      0.48289233
      14     -0.06032982      0.20577648
      15     -0.03468236      0.11154163
      16     -0.16736362      0.78716391
      17     -0.15600911      0.70309280
      18     -0.17492774      0.84795815
      19     -0.25174549      1.93903125
      20     -0.21819742      1.30652769
